\begin{table}
\centering
\begin{tabular}{lrrrrrrrrrrrrrrrrrr}
\toprule
{} &  author\_count &  comment\_count &  entropy &   gini &   blau &  default\_x &  author\_count\_log10 &  comment\_count\_log10 &  entropy\_max &  entropy\_norm &  aut\_sub\_count &  aut\_com\_count &  aut\_com\_entropy &  aut\_com\_gini &  aut\_com\_blau &  aut\_insub &  aut\_sub\_count\_log10 &  aut\_com\_count\_log10 \\
\midrule
author\_count        &         1.000 &          0.900 &    0.418 & -0.073 &  0.054 &      0.488 &               0.428 &                0.375 &        0.428 &         0.023 &          0.056 &          0.039 &            0.056 &        -0.047 &         0.047 &     -0.024 &                0.059 &                0.054 \\
comment\_count       &         0.900 &          1.000 &    0.314 & -0.148 &  0.039 &      0.282 &               0.350 &                0.352 &        0.350 &        -0.041 &         -0.015 &         -0.004 &           -0.020 &        -0.016 &        -0.018 &      0.038 &               -0.011 &                0.009 \\
entropy             &         0.418 &          0.314 &    1.000 & -0.008 &  0.415 &      0.259 &               0.941 &                0.772 &        0.941 &         0.315 &          0.235 &          0.135 &            0.233 &        -0.129 &         0.192 &     -0.103 &                0.222 &                0.177 \\
gini                &        -0.073 &         -0.148 &   -0.008 &  1.000 &  0.206 &      0.020 &              -0.293 &               -0.608 &       -0.293 &         0.780 &          0.471 &          0.210 &            0.482 &        -0.037 &         0.389 &     -0.330 &                0.417 &                0.161 \\
blau                &         0.054 &          0.039 &    0.415 &  0.206 &  1.000 &      0.016 &               0.205 &                0.107 &        0.205 &         0.709 &          0.037 &          0.000 &            0.066 &        -0.053 &         0.074 &     -0.048 &                0.059 &                0.052 \\
default\_x           &         0.488 &          0.282 &    0.259 &  0.020 &  0.016 &      1.000 &               0.255 &                0.194 &        0.255 &         0.028 &          0.075 &          0.065 &            0.074 &        -0.064 &         0.061 &     -0.052 &                0.078 &                0.072 \\
author\_count\_log10  &         0.428 &          0.350 &    0.941 & -0.293 &  0.205 &      0.255 &               1.000 &                0.924 &        1.000 &        -0.018 &          0.129 &          0.094 &            0.115 &        -0.111 &         0.088 &     -0.013 &                0.121 &                0.135 \\
comment\_count\_log10 &         0.375 &          0.352 &    0.772 & -0.608 &  0.107 &      0.194 &               0.924 &                1.000 &        0.924 &        -0.294 &         -0.078 &          0.007 &           -0.113 &        -0.066 &        -0.113 &      0.162 &               -0.080 &                0.051 \\
entropy\_max         &         0.428 &          0.350 &    0.941 & -0.293 &  0.205 &      0.255 &               1.000 &                0.924 &        1.000 &        -0.018 &          0.129 &          0.094 &            0.115 &        -0.111 &         0.088 &     -0.013 &                0.121 &                0.135 \\
entropy\_norm        &         0.023 &         -0.041 &    0.315 &  0.780 &  0.709 &      0.028 &              -0.018 &               -0.294 &       -0.018 &         1.000 &          0.302 &          0.108 &            0.343 &        -0.059 &         0.305 &     -0.251 &                0.293 &                0.122 \\
aut\_sub\_count       &         0.056 &         -0.015 &    0.235 &  0.471 &  0.037 &      0.075 &               0.129 &               -0.078 &        0.129 &         0.302 &          1.000 &          0.873 &            0.916 &        -0.645 &         0.743 &     -0.611 &                0.922 &                0.836 \\
aut\_com\_count       &         0.039 &         -0.004 &    0.135 &  0.210 &  0.000 &      0.065 &               0.094 &                0.007 &        0.094 &         0.108 &          0.873 &          1.000 &            0.744 &        -0.755 &         0.588 &     -0.528 &                0.800 &                0.891 \\
aut\_com\_entropy     &         0.056 &         -0.020 &    0.233 &  0.482 &  0.066 &      0.074 &               0.115 &               -0.113 &        0.115 &         0.343 &          0.916 &          0.744 &            1.000 &        -0.729 &         0.935 &     -0.824 &                0.983 &                0.847 \\
aut\_com\_gini        &        -0.047 &         -0.016 &   -0.129 & -0.037 & -0.053 &     -0.064 &              -0.111 &               -0.066 &       -0.111 &        -0.059 &         -0.645 &         -0.755 &           -0.729 &         1.000 &        -0.762 &      0.815 &               -0.799 &               -0.915 \\
aut\_com\_blau        &         0.047 &         -0.018 &    0.192 &  0.389 &  0.074 &      0.061 &               0.088 &               -0.113 &        0.088 &         0.305 &          0.743 &          0.588 &            0.935 &        -0.762 &         1.000 &     -0.937 &                0.921 &                0.778 \\
aut\_insub           &        -0.024 &          0.038 &   -0.103 & -0.330 & -0.048 &     -0.052 &              -0.013 &                0.162 &       -0.013 &        -0.251 &         -0.611 &         -0.528 &           -0.824 &         0.815 &        -0.937 &      1.000 &               -0.837 &               -0.747 \\
aut\_sub\_count\_log10 &         0.059 &         -0.011 &    0.222 &  0.417 &  0.059 &      0.078 &               0.121 &               -0.080 &        0.121 &         0.293 &          0.922 &          0.800 &            0.983 &        -0.799 &         0.921 &     -0.837 &                1.000 &                0.902 \\
aut\_com\_count\_log10 &         0.054 &          0.009 &    0.177 &  0.161 &  0.052 &      0.072 &               0.135 &                0.051 &        0.135 &         0.122 &          0.836 &          0.891 &            0.847 &        -0.915 &         0.778 &     -0.747 &                0.902 &                1.000 \\
\bottomrule
\end{tabular}
\caption{Correlations for Active subreddits}
\label{table/corr:active}
\end{table}